# Created by Octave 3.4.0, Sun Nov 13 22:49:40 2011 CET <hajicja@u-pl27>
# name: Theta2
# type: matrix
# rows: 9
# columns: 26
 -2.315051749408648 -1.630258888883714 -0.6234386234786844 1.531098230888603 -1.972695868846183 -1.607680851988766 0.8198830796336382 0.3440720613773714 0.1721472690464453 0.8090442121784821 0.1927839376628158 1.234102258605181 -1.441904641786243 -1.209135394570951 0.2838806360848161 0.51671091410456 -0.02394739134894819 1.414091170256301 0.5398155330160864 -1.255373227147022 0.5963993594559213 1.242219737373072 0.2248094654713077 -2.511522293739603 -0.3793423684077729 -1.198393739445249
 -2.518899727039603 0.6646158615992486 0.9419792842076118 0.7263466678250224 -0.1601125641420924 0.7157263280792355 -1.904505442224247 -1.440685724685493 -1.552739601803955 1.093241126680997 -1.88997459381211 1.32782084251286 0.5171619587498686 -2.051037352783388 0.06017132906415202 0.8783672973192806 -1.997245473620626 0.7193896428179909 0.880742895137793 0.07388814220766209 -1.466506017194589 -0.7841529071920165 0.8239955464834104 -0.1320257890284608 -1.343554529929324 0.9025199944627211
 -1.954766778063007 0.8633208862723299 1.157415032302194 -1.005976151531365 0.5957114758277985 -1.894377020983129 1.053535278717737 -2.138542680149348 0.6350620276882485 -0.9569415769647328 -1.634406949259553 -2.410596567044182 -1.412385135791354 -2.124194596065294 0.3686884478286002 0.6104917370998423 0.4266647391791136 -1.107507785716649 1.073398811592368 1.070112534806909 -1.546328794779751 0.9762087058365478 -1.371621346534858 0.7550471620583467 -0.05381518142117217 -1.137528714152186
 -3.0322198509174 0.1496148434684091 0.8803424621887741 -1.337254438467308 0.3276396775679115 0.2389255565629575 0.1735427692299877 0.673547117258789 0.8455023822267782 -1.141134894031485 0.6469454937286584 0.7099743599659858 -1.276601636973951 1.306674740805177 -2.649361926271116 0.04136170741841891 0.4910349525094431 0.6389009631549335 0.332043965335025 0.8460790319556749 -1.08132632398884 -1.581013484900117 -1.157868138478477 -2.370800150149166 -0.6568406610223818 1.784038533884172
 -1.561950902050059 -1.62130452178087 -0.9364364889570477 -1.21115985547865 -1.915006645407269 1.339681900302165 -2.404264725648332 0.5372152594123054 1.057198901722475 -1.325331286176832 0.362277752733096 -0.9358186803392523 1.002501558311484 -1.411343084751305 0.3101134935063079 0.7205406469831396 0.1503193363525047 -1.29898227713679 -1.755215832435725 0.9324228347588054 1.124309297260834 0.7361867555187426 -1.238007124527288 0.3296818942033986 -0.106264991541468 -0.6548820316272895
 -0.9288091782991916 0.7179595632026663 -1.27838390068815 -0.8546251858519318 0.3627703695245432 -0.1262408863260066 0.7572384255238001 0.6948193638716136 -1.803659518382169 -0.9153505120348012 0.6276064898543861 1.174025031822385 0.9811951238767049 -0.4076241123305349 -2.621357560199228 -0.343580214642637 -1.879306454135616 -0.8190602090896381 -1.328053267334082 -1.455227305611742 -1.32560409288544 1.566898365823906 0.2264723917159114 0.2384098034504057 -0.06736867956898084 -0.7895460674759162
 -1.839339430125104 -1.527955360378594 -1.134333038350809 0.6422134545622638 0.7848449542728696 -1.584706398321064 -1.281303786958799 0.4017894718904012 -1.019642072092175 0.6605018106044718 0.6817938016675678 -1.751070075974673 0.09466072132393337 1.159324895884121 -0.2566844496767378 -2.15198472528486 -1.347976097412245 0.9347424919346585 -1.666369561270889 0.8005540232715689 0.8729092266880579 -1.218292717492091 0.7399361571296175 0.2485409336125308 -0.3056509954204974 1.28041500097928
 -2.848276684832125 0.8414791884304857 -1.511764272235874 -1.402402135469518 0.5052030636844327 0.9062134103022234 0.2801454630898445 0.132775768950153 -2.173394143268867 1.452397647128246 0.3088644821011523 -1.673237695357689 -1.909449431148906 1.324236284363645 0.6678079748066669 -0.08642904229295129 0.7882616613919872 -1.474806292197257 1.231041075913212 -2.197567833642701 1.356649116268748 -1.49886126882234 -1.671995326022683 0.3861828868525936 -0.4388021920450579 -0.8460645111276833
 -1.496490918907742 -0.2232886682610393 0.5866267925074393 0.8427691546865547 -1.009901666329675 -0.5258359111587552 0.6175173980567563 -1.809282490951445 1.539596139344873 -1.297360676857207 -1.585822453195174 0.8816627784387965 1.047097164461668 1.745064542453599 0.6122411998937027 -2.910565678153441 1.403635452835559 -1.092898335411344 -0.9486736539766335 -1.884614873349576 -0.61099737331529 -1.511695348755745 1.274704275050932 0.2056342950374461 -0.171671680989342 -0.9538049500459194


