# Created by Octave 3.4.0, Sun Nov 13 19:52:19 2011 CET <hajicja@u-pl27>
# name: Theta2
# type: matrix
# rows: 9
# columns: 26
 -1.369394295684759 0.203240127619281 0.4754125720885979 -0.261403025835436 0.3587062897407871 -1.623452193785154 -1.555106053194581 0.8429069684279561 0.7887805475769497 -0.06517534675019476 1.89152465016216 0.4128623009226403 0.8541878264754785 -0.9595513716682513 0.8766729692498606 -1.168864452689879 -0.6075123505867196 -1.035522269589416 -2.085465944829533 0.2172380328247145 -0.1989224432664242 0.1469218318204619 -1.64805362224096 -0.1517110369631179 0.8027081788231392 -1.777844865728681
 -1.833918530730978 0.7354778644068543 1.348826244384016 -0.3230305292153979 0.1718485434472438 1.056633869644791 -2.051423238532346 0.9154838460022585 1.100525682133175 -1.5072600466211 -1.227806057902605 -1.166680831055352 -0.8955084323257869 -1.323763498750416 -1.421182251882504 -1.697208913369066 -1.324275788090372 1.238177609971864 0.3034939381674813 -0.3355659154617441 -0.3719515344617814 1.000127766895087 1.018477771448585 -0.2898240165402523 -2.348964870860761 0.1184685134448666
 -1.717626195361553 0.0732684829120247 -2.192101321166829 -0.330919774134434 0.08745568351365458 -0.03375965838019801 -2.703384514620878 -1.501662841722462 -1.772469325893028 -1.343588131081694 -0.9506969245760499 0.1531928318856735 1.008831368492652 1.36187946310067 -1.701235624245964 1.564493563559474 1.432890902916512 1.593364623726614 -1.007145149457078 -0.01897975203932946 -0.3069154669255869 0.2396021288494923 0.7812635356693849 -0.3107435532658308 0.9201352476957579 -0.1259251594029343
 -2.061856464326207 -0.04778890911298981 -1.994727279818337 -0.3749898704652907 0.450573339137627 0.2510476140761523 1.422775309504298 -1.506360850545277 0.4342158409651896 -0.4869935298811027 2.22066876014458 0.279014192739847 -1.883207249414077 -1.239459143282301 -1.441816344599945 -1.623246783704912 1.299862792524257 -1.665910625586423 0.4107278684957534 -0.2099335481052925 -0.4649847380349009 0.2742157719382231 0.2984831239723905 -0.4693197680182019 0.5373995601989643 0.9946534708781615
 -2.135081090711543 0.4330834338172596 0.5288989338342228 -0.5187421258930335 0.2480924650599989 0.8357264641408567 0.785640381828375 -1.842456718397901 -1.175215189423788 1.173405560016977 -0.7953522589995657 0.3208768476448722 0.3858367361937283 1.215188870586936 0.8706359451655221 0.177385813151321 1.518337329054382 -1.295967982494361 0.5479735897868966 -0.6443850172390917 -0.4436317984036991 0.4806322398679182 -2.074082918453728 -0.4240770129513862 -2.533989022171257 -1.929461450851339
 -0.9413371367708728 -0.5270282607367355 0.9884722283981744 -0.1954805833891995 -2.555120977676506 0.4764051590255617 0.4198076441185322 -1.310577324970943 0.9340944763761994 -1.224668661830657 -1.203235348050076 0.6537869572969722 -1.679094685674435 -1.328408171582765 1.036687262331258 1.194765517405429 -0.3342191682041729 -0.6056523348392148 -0.7450033271014704 0.2501645009998577 -0.1180417241570024 -1.266041805129226 0.9170430986004908 -0.1411123589107808 0.6333578724938275 -1.820145894500734
 -0.5378257301922013 -2.196611692862606 0.2186335384194194 -0.1922187555014231 0.2282696901236438 -1.803409160459223 -0.1359508614164172 0.6210675987342625 -1.126341722596971 1.18283049133554 -0.4897061653929147 0.6777210216228667 -0.4375807722013831 -0.9477661311848401 -1.072541039169195 1.112457225017632 -0.6975459774882721 1.267744249860135 0.3896539408401596 0.3568798583537593 -0.09531252958107599 -2.074162173193517 -1.537806238364113 -0.009832466929990118 -1.304409764068727 0.8373897428664788
 -3.156125429920269 -1.033934286744755 1.083533753160775 -0.5102821338078221 0.7495327746779962 0.2760631742175689 1.266840191217219 1.167556926053837 -2.594429886078994 -1.657544358037168 -0.272573806719164 -2.193789933736852 0.2238464240043717 1.13090849227643 0.9618967337006995 0.8450659017248675 -1.97552058534987 -2.071449145484634 -0.5136102504611706 -0.4655468114471282 -0.8028082997130469 0.7648211367480469 0.9188241504765327 -0.9612511848747205 1.198717596294213 1.281672087882258
 -1.557692306945361 0.4393308922921985 -2.12917089768622 -0.3138916113057243 -2.286967265598221 -1.13036695149215 1.072263761867371 0.7273209050018068 1.367640348041113 1.811047276023678 -0.8263989512530827 -1.454299383036345 0.743203491443896 1.504624460298873 0.5526645378997305 -1.452101062170172 -0.5615357806216968 1.029541847959387 0.05706802584715922 -1.765393302720222 -0.3212011576751011 -0.9652161409530071 0.3131075137028485 -0.3629092828397615 0.4646480563992906 0.3757151715386531


