# Created by Octave 3.4.0, Fri Nov 11 14:51:55 2011 CET <tauferp@u-pl1>
# name: A
# type: matrix
# rows: 5
# columns: 5
 17 24 1 8 15
 23 5 7 14 16
 4 6 13 20 22
 10 12 19 21 3
 11 18 25 2 9


