# Created by Octave 3.4.0, Sun Nov 13 01:37:50 2011 CET <hajicja@u-pl27>
# name: Theta2
# type: matrix
# rows: 9
# columns: 26
 -0.5702136292560019 -0.1305235641787329 0.6563897671399561 -0.8580972848596737 -1.170797059889293 0.6389846567312909 2.500319605778699 -3.118949321602321 -2.197491427912949 1.640986484021411 -2.484543859792835 -1.650892136292479 1.395786739891934 -2.38466695915721 -1.671394567126491 0.3752002380294881 1.583312635401856 -0.8082472941830275 0.1486150705738492 0.07919947501295566 1.400369025858325 -1.329683880770302 -0.7956381047741311 -0.2027612207424295 -1.953575674216117 0.2331738980460938
 -1.686221361214599 -0.618079881243376 0.5873590921388944 -0.7594616519096327 -0.2646739240188934 -0.8546252343225919 -0.1513575986007384 2.90819991868638 2.197464538447405 1.931032812753751 -2.145845238528189 0.3034213091033603 0.7602780953889886 -0.5839629495606411 0.2347440519545735 -2.389897348713392 1.080386866832416 -1.870963094642261 -1.126291974561224 1.662875150246291 -2.080462641913766 -0.9790963504035205 2.455342987614867 -0.8025531621754198 -0.7309629702290721 -2.325360289651504
 -1.141827344507983 -0.241423869863791 0.61912360234874 -1.002346778358687 -0.2697551809972414 0.6271292587193544 -1.029619125513168 -1.394641567402802 0.1975789460822232 0.005801266218400158 2.57011095632759 0.9744564416846158 -3.290285472900737 1.648105241179331 -2.165815886548727 -2.530239981536581 1.086684856074016 -2.268882725477412 -0.2687802843514678 1.739275159748934 0.2622252365801038 1.839714239251835 -2.082021343202285 -0.4940139762510825 -0.8018409171020996 -1.291577864558672
 -1.236847606254232 -0.6453501524388878 -1.158509827423115 -0.371949645074771 -1.583126803610677 -0.7689264393624294 -1.713949903638398 -1.146108334159391 3.025200828637589 -2.132451795517807 2.687269680195011 -1.445844727256588 3.53791376387712 -0.0844028124336933 -2.148749300299835 -0.03040761715854658 -1.321907175037074 2.210385109586892 -0.3636962759156229 -0.7143346489565306 1.124323279104376 -0.104863933748669 1.536381171512126 -0.8259695925987441 -0.8720554251321273 0.9432978573819704
 -0.8739852084698833 -0.1273751970683418 -1.213015090247682 -0.03088747366146596 -0.2044739604463941 -0.03990805286283099 -1.446615726300707 0.942731669624179 -1.054951447544388 -2.429204173859052 -1.948072335495036 -0.4017005050321499 -2.506487986540358 -1.000735353151761 -0.4398921785654896 2.297051611165716 -2.703912600541776 -1.82832128330427 -0.01879916521686594 1.340754518491528 -0.1126271567727208 0.4782210057674933 1.788942677279648 -0.3344465051260077 2.060040534250747 1.900515245953756
 -0.8156867410864929 -0.09456064351477077 -1.3514011486401 0.1447613396064973 0.9594638161864364 0.157648545445397 -1.645454966731497 0.6086964219386283 -2.046922999505993 1.354489123027514 0.8125659421247019 -1.150547642003364 1.026227480562704 -0.0791794927280642 2.008735583319641 -0.9659557892390521 -2.14428420476618 -2.196509849865618 -0.3736734470531018 -1.770238534425783 0.7774043586101189 -1.067769537443664 -1.392141618641956 -0.03772009125975909 -0.623220806087151 -1.414559934375754
 -1.25771050996596 -1.203052320178559 -1.134343399098267 -0.7126384108783046 -0.6527041942131946 -1.675671141041796 -0.9697850523556447 -1.832645325627414 -1.323063178291477 0.2432049350245507 -1.161241976583059 2.244475219308829 0.9578786132124103 1.267124533110596 2.825666640062392 0.2372806648892 0.3101693904212206 2.881320518727418 -0.7913311303852826 1.317427558661109 -0.4137858887392726 1.516834736588797 -2.711713914313179 -1.054744853702088 -0.5445220973477936 1.405073776406043
 -0.5438032660091302 -0.04458902528590418 0.05649479516498093 -0.108712459447194 0.6576881914960478 0.1589233097301125 1.420533449329868 0.1260593159653082 -0.6941816588495017 -1.955454726736506 -1.905961660701315 0.3696141999423282 -1.648763367470907 0.5174243326262093 0.1751702791500329 -1.555714516170736 0.1977350718928499 3.110940386456389 -0.389381075534204 -3.277233092768071 -0.0835713989862277 -1.618479173339357 0.1260491313785356 -0.6192772863765506 2.901712732632941 -2.548207973720064
 -0.897053106818876 -0.836381239701907 0.2033785206333789 -0.609919067108549 0.02645845261674325 -0.2856881105030399 2.136887357795748 1.093526056442461 0.9192523230689196 -0.613011972112821 2.344747197541904 -1.182691796560332 -1.883733459011997 -1.589187420008287 0.7549659071410296 2.645912494938569 1.05312866282833 -0.5802915904224839 -0.9922836435514893 -2.02304542553791 -2.690577070081508 0.4671176578577175 -2.14326872261916 -0.3883053104635757 -1.188069310892537 1.076048399094588


